114
28
83
0
55
137
73
125
67
11
72
43
90
127
143
23
51
99
55
108
85
55
21
145
47
63
101
58
80
14
27
121
130
64
73
28
133
37
73
56
15
134
24
21
27
69
29
147
1
6
62
5
43
109
114
134
20
46
147
64
83
149
103
86
112
111
78
55
110
112
120
14
14
37
120
73
108
51
51
69
56
143
124
52
41
78
131
146
114
37
73
32
4
54
11
20
91
32
144
118
132
111
70
73
96
144
25
84
114
59
51
71
125
47
90
65
115
125
136
41
92
7
90
55
145
50
67
15
71
128
150
4
82
7
48
131
25
84
82
9
150
69
123
57
43
91
3
11
82
68
115
39
109
108
124
84
138
54
121
115
14
74
149
7
145
82
51
94
145
144
17
122
138
11
110
108
22
22
137
150
81
113
117
122
107
90
44
57
116
2
102
143
9
86
52
147
28
118
16
76
87
57
102
44
15
0
127
54
68
111
22
139
95
46
149
20
122
69
114
54
80
0
129
106
50
146
8
15
1
48
69
58
8
80
7
42636
321
556
934
455
664
136
756
834
651
839
349
710
814
101
324
970
549
805
806
885
944
856
776
906
426
881
501
518
383
717
941
782
636
766
228
666
297
234
216
179
605
232
211
281
678
549
334
848
950
860
975
423
665
146
816
411
621
279
813
725
576
163
515
518
130
470
253
179
509
930
171
741
527
382
256
133
513
159
566
757
252
939
107
838
983
674
254
372
678
858
641
100
460
728
275
939
444
217
258
605
496
864
422
999
709
311
890
945
999
518
211
125
669
807
689
710
661
612
916
691
585
919
562
907
751
277
111
470
410
413
988
801
436
774
759
831
386
136
842
821
309
670
102
654
721
141
417
527
891
553
294
839
508
151
647
620
640
560
168
764
665
478
660
864
330
535
963
248
241
340
362
119
410
897
530
635
841
488
218
365
841
696
275
985
932
219
708
127
175
726
876
302
168
511
370
399
974
372
229
686
491
772
284
951
920
276
896
646
843
784
754
213
762
242
579
449
128
761
723
331
784
453
762
465
502
227
652
807
823
819
166
506
948
476
769
736
197
667
759
122
219
566
474
349
513
777
551
946
803
290
431
914
397
691
137
39
133
88
41
64
65
109
140
48
106
60
56
119
80
67
116
33
117
117
32
