68
149
125
72
91
78
80
12
96
47
26
104
68
124
136
82
45
12
112
143
8
31
70
84
61
43
73
78
8
67
10
135
62
113
26
106
60
86
30
150
40
96
80
18
46
137
116
138
106
43
143
8
150
82
34
69
7
88
103
25
66
47
41
66
117
20
81
62
92
114
35
59
12
143
91
90
68
94
0
141
64
121
74
120
150
20
141
69
140
108
11
55
109
18
46
72
102
9
131
83
29
102
38
22
67
57
71
55
122
105
85
5
41
140
43
95
95
115
50
106
60
145
49
8
70
148
127
149
132
50
43
25
25
124
62
111
83
28
97
82
12
46
21
19
49
40
142
126
44
131
150
78
63
86
107
141
124
91
46
145
109
121
8
59
36
39
55
8
73
36
89
79
104
71
84
118
94
76
124
42
55
20
39
39
78
17
123
9
16
53
64
121
113
131
78
12
49
107
5
80
41
99
52
138
36
5
42
69
139
36
92
115
77
109
121
62
100
77
4
126
112
77
91
35
15
139
71
93
74
15
10
5
72
69
22
97
40
114
45
23
5
124
51
32
71
35
94
113
43
126
45
50
145
95
104
11
15
148
130
20
87
4
9
15
24
142
103
32
56
22
20
98
54
48
81
87
63
113
71
100
134
37
3
74
86
26
30
74
97
85
131
82
102
18
127
93
139
7
34
119
5
56
49
5
1
66
115
128
45
65
131
87
127
124
121
37
74
126
81
105
27
61
47
103
77
117
75
80
116
71
104
7
62
90
24
140
147
44
124
75
79
107
127
32
36
103
20
65
86
104
74
116
137
137
141
112
147
16
8
54
148
81
89
115
41
23
30
111
78
24
39
88
113
104
15
87
119
54
43
139
129
19
147
1
79
59
84
19
23
92
147
43
66
139
141
97
16
35
63
95
75
96
8
119
114
133
20
64
14
15
140
132
29
97
88
59
145
50
27
118
38
69
19
127
3
33
145
12
150
26
102
1
48
39
142
30
87
21
124
108
17
50
80
9
53
100
17
94
150
44
125
39
75
88
46
57
134
71
80
27
119
131
119
30
150
80
97
121
99
23
41
20
141
122
75
61
120
34
113
106
132
21
121
131
9
104
131
55
101
66
1
140
12
111
144
101
46
85
132
132
133
150
13
61
123
60
6
23
132
94
137
141
56
113
112
64
91
12
120
116
66
109
28
96
98
100
42
81
119
85
20
2
96
28
117
95
40
54
122
106
70
119
148
59
95
91
105
120
117
74
101
11
2
101
21
0
19
97
33
32
73
119
46
106
71
70
127
101
91
38
82
50
33
18
150
24
78
51
140
107
132
83
7
85
105
134
89
46
69
28
141
21
116
17
135
74
56
9
115
44
65
34
120
27
115
49
109
3
142
65
74
14
69
28
99
14
94
34
70
61
28
82
20
103
29
66
85
145
28
82
67
63
16
149
54
113
52
92
82
5
137
112
71
11
111
98
144
67
97
69
56
138
41
2
123
128
62
68
109
11
130
101
78
46
59
72
65
90
13
81
57
106
66
36
82
37
120
108
101
26
37
137
65
119
88
5
69
65
14
98
138
99
84
123
99
145
21
30
36
124
0
47
13
132
120
118
87
82
66
3
49
108
25
29
59
30
23
32
41
139
140
72
11
41
29
15
41
20
89
103
19
63
19
108
102
54
130
145
17
21
15
65
2
107
44
41
3
56
81
28
13
51
40
2
121
77
48
67
109
56
18
59
81
32
119
30
34
150
39
96
88
67
122
99
130
97
72
48
117
71
41
111
81
61
137
13
137
90
137
140
64
125
87
61
42
13
49
99
109
68
143
47
79
97
31
41
7
136
41
20
117
132
94
10
32
85
61
58
48
43
101
89
135
50
75
87
39
106
61
8
14
74
44
133
15
139
13
37
77
101
90
74
143
40
17
90
123
110
47
149
149
41
105
140
133
2
94
67
67
32
129
100
115
50
73
60
41
63
9
69
76
88
5
69
46
110
82
144
87
119
82
66
78
25
129
8
7
145
136
74
35
109
142
74
0
86
135
93
52
33
51
107
67
15
96
130
74
37
38
115
8
135
116
28
29
97
136
50
103
86
82
34
86
97
26
32
61
75
99
85
102
13
148
140
25
6
23
143
80
69
125
37
131
64
18
139
77
0
0
32
60
106
59
110
106
77
41
85
137
43
42
143
133
71
14
130
147
57
72
32
40
4
49
80
79
149
46
35
74
69
126
66
10
129
140
33
27
59
62
46
38
126
1
88
131
44
92
97
134
37
134
65
68
44
99
91
133
143
142
29
13
108
100
123
5
145
107
67
6
7
118
123
8
43
29
34
65
9
97
128
85
30
109
98
80
77
98
2
98
26
132
51
34
147
100
79
91
95
127
81
138
107
144
66
80
133
94
95
132
129
25
111
2
113
112
78
93
124
34
48
21
19
125
150
106
149
14
108
121
85
74
132
87
24
111
65
99
88
118
85
148
108
134
100
131
64
129
57
114
50
85
30
147
5
28
76
43
32
32
86
99
69
130
62
7
119
30
0
136
29
98
21
88
115
135
107
48
9
7
89
141
87
22
35
1
147
59
6
95
2
108
109
61
141
147
128
38
22
118
51
23
117
33
17
84
39
143
32
81
20
10
121
93
146
131
143
53
17
12
113
17
103
144
93
18
88
131
22
130
55
113
64
38
122
135
51
14
130
83
4
124
97
16
39
39
116
38
20
126
88
130
132
74
27
127
103
12
2
103
42
79
40
136
148
13
118
82
92
122
117
123
53
98
41
21
106
118
68
82
105
6
55
69
93
48
40
88
78
25
116
28
0
65
73
125
69
30
144
109
38
68
31
117
14
30
114
76
28
36
130
138
24
14
10
41
127
26
100
102
4
37
117
117
17
62
140
132
101
148
25
132
148
20
89
85
96
138
39
70
103
81
16
68
115
131
73
11
119
55
80
52
121
146
50
66
3
41
96
101
148
35
84
20
112
114
120
71
100
74
133
34
83
138
62
15
142
94
34
1
74
99
119
85
68
86
1
4
31
133
47
55
114
146
66
62
7
13
7
27
83
64
125
95
130
12
32
38
63
47
101
109
83
37
8
144
130
17
113
8
70
114
138
59
12
63
148
20
138
10
83
38
12
4
87
19
40
2
103
76
24
55
141
14
112
4
87
147
27
145
88
104
6
53
140
69
57
107
61
92
104
0
146
42
134
96
50
81
74
120
32
81
48
90
67
144
46
13
23
52
148
22
25
54
149
42
35
118
3
52
68
65
52
59
111
86
54
21
18
37
76
80
113
83
49
30
115
87
35
82
6
91
122
91
93
142
96
41
119
110
68
29
141
136
8
2
139
7
52
141
75
71
28
58
127
109
88
1
6
87
17
96
74
9
49
138
107
125
8
72
119
12
29
93
89
60
23
20
29
38
123
43
61
45
68
16
101
24
8
21
23
69
8
135
124
122
72
147
121
109
35
85
51
70
118
139
119
117
29
98
15
80
28
129
33
10
81
79
61
65
86
61
42
105
68
116
23
70
46
18
32
62
138
102
43
3
97
136
126
128
113
93
92
23
105
103
124
68
20
27
58
6
70
10
5
55
110
38
143
129
93
36
31
102
4
110
139
111
69
115
12
16
132
3
91
117
49
139
12
0
146
123
24
102
5
44
44
72
133
100
17
38
18
42
17
42
77
109
22
136
141
96
107
119
96
123
91
137
110
73
31
11
144
51
34
24
48
72
36
92
148
79
117
13
41
7
128
109
106
3
113
104
41
26
95
57
50
73
119
113
51
129
85
48
5
3
132
129
38
141
117
112
5
97
113
117
30
86
75
70
60
11
145
37
103
19
32
47
72
99
14
91
13
101
78
139
35
17
4
33
19
89
117
49
11
85
0
113
5
131
35
125
13
4
62
55
53
115
21
111
11
75
139
96
43
55
62
33
106
0
140
82
64
100
119
133
26
29
10
140
128
49
131
86
1
130
57
113
96
101
127
28
95
80
149
145
42
25
106
122
56
115
55
84
85
50
7
26
119
17
99
138
39
125
108
77
124
113
79
99
128
43
18
125
150
144
135
88
32
86
141
126
43
43
27
39
41
91
105
103
2
110
33
117
142
54
37
56
81
92
126
79
13
53
91
15
18
139
42
145
69
53
99
73
74
2
38
107
84
99
49
36
106
112
93
122
34
150
63
49
128
45
27
17
79
107
70
138
24
54
83
106
38
79
15
61
116
11
142
146
82
61
51
108
60
92
123
102
1
92
78
18
145
120
37
34
66
67
76
24
8
38
6
97
63
142
34
50
11
141
38
57
60
132
33
10
68
147
101
141
144
134
3
55
85
146
126
83
19
22
54
119
75
120
55
74
94
149
15
83
6
98
119
80
21
68
16
128
59
138
122
3
27
82
48
61
125
66
149
12
68
60
77
110
67
118
21
92
109
104
59
107
51
63
135
67
74
146
118
145
107
55
40
78
37
79
46
140
104
25
65
44
68
54
13
141
87
28
16
149
76
72
140
128
125
88
81
87
81
75
58
57
141
93
0
99
12
114
116
18
97
141
123
149
20
47
0
99
109
0
112
131
23
46
44
95
16
77
149
102
90
35
73
81
4
118
127
37
37
115
86
10
33
94
68
117
37
17
139
433
477
765
237
284
913
153
368
651
540
372
980
272
665
396
931
994
279
934
189
876
465
751
956
365
450
515
272
318
538
391
421
228
804
945
225
580
839
493
652
516
525
350
855
953
948
738
189
344
482
901
507
804
175
585
773
946
466
840
252
709
208
130
647
928
722
195
457
725
925
797
605
779
149
809
810
261
623
361
809
887
588
634
469
365
305
822
190
334
250
254
801
173
828
524
274
145
761
254
545
497
171
578
616
359
846
170
427
581
163
262
934
470
951
880
887
657
134
857
619
348
925
364
364
721
659
858
309
627
838
473
593
329
664
694
387
156
294
603
508
367
856
532
689
403
172
901
380
423
271
930
834
926
692
425
111
392
553
270
532
219
935
191
343
234
352
334
323
531
877
610
226
607
618
306
583
177
451
141
998
463
834
709
938
969
588
872
785
638
862
515
376
977
158
490
571
300
424
462
559
706
566
615
306
869
896
831
597
376
271
807
578
485
127
516
751
361
760
459
322
160
973
522
434
175
422
918
746
723
808
789
279
395
264
602
489
196
557
714
635
592
549
729
657
691
181
835
122
179
672
216
902
191
816
940
185
436
416
286
120
244
116
463
913
627
334
628
597
680
704
747
144
239
813
653
732
176
433
971
872
873
127
229
678
213
242
355
242
974
370
957
442
113
663
813
530
805
149
109
186
341
524
695
723
275
979
637
969
640
156
714
906
514
407
179
757
418
468
590
462
155
793
945
306
630
312
151
797
359
444
438
759
842
902
206
732
541
198
966
621
656
528
999
457
680
172
849
318
901
980
956
126
535
274
183
965
195
216
533
529
923
677
417
978
313
328
502
334
472
595
482
619
589
878
887
665
272
342
168
790
526
285
183
653
524
262
956
631
990
725
489
772
262
404
996
382
995
480
129
586
958
880
927
760
420
415
175
935
981
557
126
174
239
425
893
598
833
912
819
308
403
336
463
309
317
874
692
778
865
178
505
169
559
260
957
111
738
237
528
676
510
762
512
537
245
333
960
307
274
431
247
347
538
946
632
988
245
835
156
811
428
952
370
657
981
993
832
443
580
999
857
900
422
510
844
539
259
723
116
216
384
115
240
547
793
790
1000
823
969
864
761
699
355
614
967
857
935
262
295
682
257
393
507
799
199
639
523
460
253
550
705
935
997
271
472
658
599
549
649
874
870
496
236
904
845
191
548
658
990
911
850
187
107
558
829
483
801
843
725
746
922
196
561
217
190
765
267
784
936
547
280
945
602
987
321
437
633
945
639
781
620
728
118
939
494
391
902
936
365
146
399
436
455
220
185
892
712
674
228
812
721
801
720
460
501
621
278
537
697
913
881
996
194
936
716
774
235
602
543
217
886
339
944
957
537
445
652
771
688
914
707
461
958
908
551
538
894
784
276
843
683
341
986
228
978
885
140
819
579
483
520
985
846
231
414
669
337
630
993
696
278
306
550
730
430
824
106
628
315
783
303
604
408
310
390
752
140
129
619
498
385
699
417
517
495
670
865
568
301
723
250
671
185
384
698
968
285
614
882
850
534
459
625
156
581
310
623
247
133
230
260
372
195
844
854
670
627
687
605
540
514
308
676
566
271
497
382
820
349
938
923
763
891
553
110
225
266
586
463
564
470
660
573
950
998
980
285
958
198
416
357
110
583
113
495
121
552
595
597
809
489
747
310
240
626
427
611
719
570
440
674
321
396
829
151
893
723
210
141
117
709
896
448
250
574
745
904
159
207
176
823
739
849
347
952
772
410
397
712
247
445
141
479
256
590
158
427
839
316
538
589
901
449
534
177
427
357
241
948
302
826
134
469
454
597
839
801
681
392
772
945
631
901
458
646
696
958
805
526
522
232
577
436
452
430
578
947
108
583
298
407
428
914
347
366
712
194
634
924
479
257
684
135
359
439
795
972
542
925
560
111
815
463
623
129
107
239
461
174
295
172
825
101
817
147
606
785
318
215
350
165
872
256
752
924
792
500
487
604
789
490
440
430
717
385
971
315
491
267
779
412
305
238
736
454
951
377
853
289
163
217
303
246
347
328
279
327
908
132
525
308
212
153
761
917
917
770
384
416
681
540
456
106
277
532
215
119
690
761
657
658
438
638
802
757
557
530
998
265
429
525
474
550
206
977
425
402
680
495
681
397
379
563
208
776
860
197
923
439
958
896
139
820
173
690
375
905
749
601
213
113
300
335
417
997
207
884
378
646
552
735
155
889
575
557
273
388
310
598
231
739
692
174
570
681
220
619
633
594
211
832
713
529
855
519
211
309
802
262
377
305
402
725
378
717
968
708
550
556
738
348
344
106
849
706
144
495
249
125
711
737
889
271
748
977
917
667
976
291
595
150
548
662
180
915
117
599
853
163
265
676
145
274
591
720
207
727
559
727
609
276
775
137
791
107
439
513
147
690
470
628
118
321
193
212
117
263
626
127
674
488
770
953
122
866
251
437
512
224
610
965
669
442
808
817
638
604
647
231
416
434
929
534
791
254
252
402
318
392
253
282
606
943
177
650
676
903
538
421
441
156
968
929
200
241
631
496
614
836
328
238
282
886
982
264
951
355
110
602
764
502
907
104
755
918
982
410
123
132
479
482
245
298
317
198
523
251
352
503
317
765
605
806
468
491
515
239
227
885
282
982
644
350
852
581
935
314
588
359
790
682
881
639
182
205
240
447
968
716
976
403
713
325
483
376
473
525
324
972
402
772
680
419
585
515
425
173
565
571
167
589
537
527
270
678
586
280
896
574
861
413
936
639
231
989
217
495
129
271
154
199
883
676
593
523
444
107
298
206
170
769
427
642
998
807
577
280
582
106
943
722
188
363
571
554
921
652
898
202
609
268
547
653
461
683
302
893
325
520
609
190
580
490
481
662
264
409
879
301
726
603
954
918
580
320
566
893
573
162
466
459
948
556
214
930
142
873
742
128
948
462
710
276
227
937
118
780
808
677
628
765
139
461
274
969
101
689
819
131
690
487
349
265
260
917
261
941
194
872
279
417
841
358
623
230
170
674
286
991
507
986
440
581
261
869
669
616
416
861
413
132
730
317
320
226
113
668
414
946
403
185
694
461
473
781
719
345
419
667
855
733
930
381
381
121
717
332
762
879
107
755
902
445
980
825
843
783
448
302
385
410
932
472
895
552
237
787
651
769
703
680
242
136
219
398
461
890
243
752
469
440
505
417
399
164
688
751
453
453
594
998
580
939
482
994
694
668
812
110
358
951
380
197
204
190
647
434
360
998
358
305
485
557
136
968
473
241
408
530
645
636
558
389
795
198
873
714
248
212
523
370
720
750
958
384
652
337
725
843
993
744
838
537
380
789
459
152
991
460
832
304
241
713
821
932
318
440
265
372
577
646
593
661
177
189
218
119
312
338
324
407
933
344
333
450
480
689
275
341
748
967
477
611
987
683
136
647
221
438
334
169
665
122
961
217
781
998
419
112
773
169
796
878
455
214
326
669
612
356
496
696
380
251
908
667
584
564
330
485
405
729
883
217
794
173
265
823
464
425
176
176
866
166
840
801
190
601
740
146
566
682
417
800
958
420
513
801
506
540
152
123
521
802
828
558
618
120
501
799
771
384
416
893
192
253
510
731
714
722
791
850
433
358
955
112
601
241
811
308
596
278
410
135
994
697
682
297
725
910
929
360
762
228
984
919
539
476
140
209
397
204
616
797
598
715
538
664
656
681
205
669
617
899
352
447
387
759
557
586
614
517
542
858
542
875
663
604
611
187
606
568
509
589
360
559
373
258
866
890
636
743
406
909
466
836
509
301
824
977
478
240
472
113
595
687
973
947
186
348
363
568
556
162
915
915
873
442
631
597
839
968
351
949
982
847
818
820
695
146
228
807
632
612
300
824
864
815
690
750
470
809
387
602
198
728
288
909
660
570
764
794
288
771
999
768
475
254
287
323
888
662
417
837
804
657
573
954
951
506
120
397
147
252
763
532
702
164
287
754
439
429
352
706
921
412
138
101
394
984
928
884
353
452
122
539
678
152
819
218
767
706
948
992
843
935
749
483
549
781
155
732
291
530
178
804
354
312
502
849
589
308
553
184
583
569
395
586
378
683
552
783
241
749
531
103
543
993
104
166
926
115
774
925
510
894
897
292
299
1000
392
267
271
517
281
484
641
954
678
433
900
501
743
961
673
656
332
393
782
776
970
430
949
524
258
641
732
690
427
462
438
682
858
421
347
358
745
414
688
347
556
289
647
621
807
265
431
239
446
602
241
738
876
601
826
329
237
800
582
177
434
774
752
943
635
440
384
936
648
854
925
467
346
657
324
767
313
317
105
569
503
304
591
528
901
335
179
528
387
331
444
247
773
625
206
326
192
929
766
119
325
990
389
513
971
435
383
211
875
686
439
594
873
146
448
874
249
140
724
274
657
727
862
749
128
383
284
933
649
995
533
822
443
782
422
915
844
829
704
989
477
833
302
669
147
236
498
242
317
966
232
650
973
480
749
441
776
614
604
153
520
970
456
830
231
389
211
459
269
849
507
395
911
573
593
197
521
622
602
292
776
407
850
258
778
341
263
938
222
160
193
788
193
625
985
929
503
459
302
930
721
466
406
612
364
598
649
666
803
515
973
622
623
813
434
936
767
802
833
